4.937 -5.943
4.916 -6.190
4.949 -6.335
5.180 -6.383
5.002 -6.528
4.887 -6.569
5.278 -6.686
5.529 -6.839
5.542 -6.960
5.647 -7.040
5.743 -7.026
5.797 -7.455
6.067 -7.354
6.280 -7.397
6.358 -7.495
6.727 -7.709
6.860 -7.604
6.842 -7.763
7.279 -7.664
7.605 -7.766
7.697 -7.961
8.175 -8.049
8.234 -7.921
8.496 -7.999
8.764 -8.078
8.998 -8.052
9.204 -7.905
9.591 -7.975
9.723 -7.887
10.047 -7.901
10.170 -7.963
10.236 -8.011
10.471 -7.820
10.911 -7.864
11.175 -7.703
11.392 -7.719
11.467 -7.446
11.731 -7.443
12.063 -7.456
11.990 -7.451
12.190 -7.220
12.367 -7.114
12.548 -6.998
12.737 -6.911
12.653 -6.743
12.734 -6.714
12.747 -6.720
12.841 -6.335
13.042 -6.243
12.849 -6.144
13.005 -6.178
13.036 -5.845
13.095 -5.892
12.772 -5.650
12.728 -5.531
12.845 -5.295
12.734 -5.303
12.768 -5.104
12.355 -5.003
12.366 -4.891
12.144 -4.880
12.110 -4.605
12.113 -4.656
11.645 -4.544
11.391 -4.557
11.468 -4.227
10.915 -4.458
10.835 -4.047
10.703 -4.190
10.345 -4.137
10.349 -4.162
9.927 -4.155
9.806 -4.178
9.664 -4.138
9.152 -4.029
9.095 -4.073
8.730 -3.949
8.504 -4.011
8.305 -4.085
7.887 -3.999
7.852 -4.146
7.540 -4.225
7.302 -4.386
6.927 -4.201
6.910 -4.366
6.694 -4.498
6.577 -4.454
6.378 -4.579
6.089 -4.608
5.785 -4.787
5.697 -4.534
5.715 -4.902
5.448 -4.943
5.398 -5.089
5.350 -5.231
5.136 -5.389
5.111 -5.391
5.102 -5.457
4.965 -5.758
5.130 -5.893
