8.949 -4.826
8.481 -5.408
8.534 -5.766
8.181 -6.003
8.108 -6.439
7.747 -6.866
7.408 -7.306
7.259 -7.595
7.025 -7.818
6.549 -8.467
6.256 -8.705
5.828 -8.976
5.647 -9.315
4.769 -10.087
4.574 -10.213
4.176 -10.616
3.506 -10.909
3.021 -11.383
2.644 -11.548
2.193 -11.901
1.592 -12.333
1.056 -12.479
0.768 -12.524
-0.009 -13.047
-0.403 -13.171
-0.854 -13.369
-1.243 -13.510
-1.685 -13.544
-2.052 -13.582
-2.800 -13.885
-3.058 -13.884
-3.498 -14.006
-3.779 -13.880
-3.813 -13.771
-4.464 -14.037
-4.713 -13.669
-5.113 -13.834
-5.457 -13.785
-5.683 -13.636
-5.732 -13.405
-5.984 -13.256
-6.091 -13.048
-6.275 -12.845
-6.535 -12.635
-6.518 -12.176
-6.614 -12.172
-6.596 -11.843
-6.627 -11.603
-6.504 -11.199
-6.255 -10.786
-6.111 -10.332
-6.109 -10.182
-5.914 -9.769
-5.733 -9.415
-5.379 -8.931
-5.307 -8.591
-4.922 -8.217
-4.649 -7.901
-4.198 -7.308
-4.112 -6.955
-3.405 -6.373
-3.081 -6.091
-2.719 -5.646
-2.499 -5.491
-2.044 -5.225
-1.531 -4.826
-1.020 -4.433
-0.566 -4.224
-0.050 -3.890
0.582 -3.268
0.891 -3.179
1.440 -2.751
1.794 -2.843
2.432 -2.357
2.921 -2.157
3.352 -2.064
3.775 -1.761
4.212 -1.804
4.712 -1.707
5.374 -1.235
5.731 -1.358
6.176 -1.293
6.310 -1.511
6.497 -1.526
6.991 -1.462
7.314 -1.669
7.670 -1.596
7.927 -1.764
8.097 -1.906
8.384 -2.031
8.486 -2.208
8.737 -2.262
8.821 -2.478
8.835 -2.970
9.191 -2.930
8.962 -3.467
9.125 -3.686
9.067 -4.016
9.069 -4.121
8.838 -4.646
