-432 57 -55
-433 54 -62
-416 242 164
-416 244 160
-419 243 161
-419 243 161
-420 242 159
-418 245 156
-412 248 155
-414 249 156
-416 248 153
-413 247 156
-411 249 153
-412 248 154
-412 250 154
-412 247 154
-412 250 154
-416 249 154
-412 248 158
-414 244 151
-416 248 156
-412 248 152
-415 248 151
-414 249 150
-413 249 150
-414 246 152
-417 244 150
-417 245 152
-418 243 150
-415 241 155
-416 243 154
-417 235 157
-423 228 166
-418 231 178
-420 222 203
-419 223 208
-420 216 220
-422 208 222
-427 200 220
-428 194 216
-431 186 211
-436 170 215
-437 178 219
-435 171 223
-435 170 219
-437 168 224
-436 158 242
-441 144 239
-444 130 234
-450 119 233
-447 104 250
-444 104 263
-436 107 277
-434 104 290
-435 93 297
-433 84 305
-433 63 309
-440 28 308
-441 -5 311
-438 -51 315
-437 -95 319
-429 -119 323
-416 -147 331
-407 -181 337
-398 -197 341
-391 -210 342
-389 -252 317
-390 -268 298
-385 -311 261
-332 -393 255
-297 -440 248
-270 -475 223
-204 -529 217
-142 -576 204
-77 -606 184
11 -630 173
65 -646 173
141 -646 170
227 -634 175
314 -613 177
383 -580 180
410 -565 182
444 -541 185
482 -514 186
526 -471 180
563 -427 175
591 -398 177
610 -348 200
621 -301 220
637 -262 236
647 -205 238
656 -160 238
662 -127 238
664 -96 236
666 -35 221
669 -9 210
672 30 184
644 106 192
617 184 196
561 278 173
515 336 153
451 401 130
375 448 122
302 481 113
243 501 104
184 514 91
122 520 82
62 517 83
14 517 79
-42 508 86
-104 485 96
-161 464 95
-216 439 103
-251 408 131
-287 386 145
-327 348 169
-340 325 193
-345 319 209
-340 319 230
-336 319 242
-331 319 259
-329 324 267
-323 324 269
-320 331 259
-316 341 253
-290 369 245
-251 403 238
-217 431 228
-185 453 201
-168 461 188
-139 474 160
-105 491 152
-66 506 148
-7 514 142
62 520 168
110 520 204
173 507 244
272 471 272
400 404 285
523 286 288
592 170 291
637 13 288
644 -153 280
611 -280 272
545 -411 257
434 -524 249
386 -546 255
302 -580 261
263 -596 267
223 -599 275
169 -601 281
118 -600 292
82 -595 294
59 -588 296
39 -592 293
15 -592 285
-16 -587 276
-41 -588 263
-64 -585 261
-75 -579 260
-89 -576 251
-107 -573 247
-132 -560 244
-159 -552 235
-183 -543 229
-200 -530 231
-233 -507 229
-247 -495 232
-264 -480 237
-278 -452 251
-294 -441 265
-308 -412 275
-321 -394 273
-345 -366 271
-366 -348 266
-386 -316 246
-405 -294 237
-413 -277 234
-432 -232 224
-460 -143 212
-470 -90 207
-469 -11 211
-461 53 219
-458 80 211
-441 141 205
-428 181 198
-417 211 190
-401 238 196
-398 240 206
-407 228 208
-418 208 206
-423 189 201
-445 132 190
-469 49 176
-475 -71 158
-449 -231 133
-397 -355 111
-286 -490 73
-190 -569 39
-35 -635 -3
118 -656 -30
260 -637 -56
373 -596 -80
505 -498 -86
605 -364 -80
639 -299 -80
666 -123 -91
650 22 -91
617 122 -98
541 232 -113
464 306 -113
403 367 -110
305 416 -102
194 444 -97
99 464 -82
-5 458 -70
-60 451 -57
-104 443 -44
-129 433 -38
-173 409 -35
-215 385 -35
-239 369 -36
-248 357 -40
-252 350 -45
-246 361 -47
-191 403 -32
-92 461 -9
22 496 12
210 489 30
382 425 49
470 375 73
550 287 93
659 89 109
685 -5 112
663 -254 113
569 -437 113
475 -540 119
296 -625 130
98 -645 142
-49 -617 163
-233 -515 182
-374 -363 187
-436 -234 183
-471 -85 150
-467 31 104
-447 110 58
-440 115 28
-457 35 28
-467 -110 62
-444 -250 78
-330 -439 93
-170 -570 97
-21 -641 104
184 -651 107
366 -602 103
492 -528 109
599 -400 97
650 -302 73
690 -99 36
656 88 5
565 253 -22
389 392 -58
274 441 -72
112 473 -72
-72 451 -58
-221 370 -61
-263 338 -71
-310 283 -74
-339 236 -84
-353 208 -87
-367 196 -85
-363 203 -88
-337 239 -87
-303 281 -89
-249 343 -80
-180 395 -70
-77 449 -60
15 481 -45
168 482 -39
319 435 -46
390 404 -43
543 272 -46
631 131 -30
675 16 -10
693 -139 37
638 -344 86
519 -504 106
301 -627 131
49 -634 175
-121 -581 202
-270 -484 202
-377 -357 201
-448 -189 194
-470 -54 203
-451 90 211
-421 167 233
-421 177 248
-434 126 250
-458 -15 239
-450 -159 236
-372 -352 232
-220 -498 257
-98 -561 287
100 -586 314
305 -542 324
433 -464 335
527 -353 345
606 -149 343
630 -29 316
608 140 283
539 285 255
475 362 234
364 449 221
220 503 216
120 518 225
-10 516 231
-124 479 229
-184 452 230
-258 408 223
-326 345 211
-373 296 185
-397 265 165
-428 203 131
-452 134 80
-455 118 58
-464 52 10
-461 21 -16
-460 22 -11
-459 52 -8
-452 109 26
-442 158 50
-399 250 77
-316 363 117
-236 428 164
-108 487 233
37 502 292
159 485 325
287 437 345
458 318 351
513 249 349
608 61 334
629 -104 326
600 -232 325
521 -389 325
387 -506 323
250 -571 314
64 -580 326
-91 -531 343
-183 -467 359
-288 -338 389
-355 -190 409
-364 -64 429
-371 -15 427
-392 -12 400
-400 -91 380
-386 -193 366
-318 -335 364
-216 -430 371
-121 -475 393
16 -501 419
172 -493 431
287 -468 426
444 -389 404
582 -210 357
628 -52 325
580 140 340
480 288 349
398 375 338
310 440 326
185 486 296
133 502 284
-14 495 283
-115 462 303
-176 426 315
-238 379 332
-299 318 356
-324 257 370
-348 202 385
-361 198 379
-337 238 369
-313 309 331
-233 400 300
-105 468 298
4 493 308
164 482 334
314 410 365
413 333 385
517 203 384
588 53 368
615 -54 341
638 -220 261
615 -355 187
574 -417 177
476 -513 201
361 -572 242
192 -595 289
32 -586 302
-121 -548 281
-257 -491 234
-341 -424 159
-379 -379 123
-426 -291 118
-456 -223 142
-473 -138 165
-476 -86 146
-479 -59 148
-479 -42 177
-465 -54 240
-443 -101 297
-394 -190 360
-333 -284 381
-188 -452 373
-66 -500 395
51 -475 451
149 -441 480
264 -371 511
340 -299 518
367 -262 522
420 -193 516
442 -162 509
456 -161 500
500 -185 459
551 -186 412
574 -179 382
574 -158 388
543 -143 430
526 -126 446
523 -119 455
506 -112 472
462 -86 507
431 -72 526
401 -47 550
384 -35 557
374 -8 561
330 22 582
274 53 598
232 88 604
169 147 605
128 189 597
95 208 590
56 193 599
21 168 601
-28 100 615
-57 47 619
-82 -36 613
-79 -73 609
-81 -82 611
-84 -54 612
-74 -25 612
-47 29 619
-21 70 622
14 77 622
66 88 626
109 88 626
149 85 621
199 63 619
243 12 612
282 -43 599
333 -91 578
378 -185 538
403 -293 491
403 -379 430
390 -458 377
316 -517 352
233 -543 344
105 -562 347
-3 -536 369
-76 -481 396
-159 -389 446
-190 -303 488
-189 -201 533
-173 -126 561
-145 -107 578
-124 -138 577
-85 -203 572
-22 -277 559
22 -306 553
142 -338 541
237 -328 530
300 -284 534
358 -208 538
410 -164 524
451 -132 505
476 -38 494
454 121 486
372 275 493
225 323 496
117 346 512
-93 275 531
-162 187 541
-204 60 554
-216 -74 553
-218 -125 538
-225 -140 533
-233 -126 532
-232 -98 538
-232 -51 544
-243 -40 537
-255 -54 526
-276 -51 510
-290 -42 505
-294 -42 500
-298 -13 498
-301 99 480
-261 218 462
-115 352 460
136 372 483
316 286 492
465 126 471
547 -28 426
570 -158 385
541 -344 319
433 -519 248
316 -602 203
125 -643 172
-44 -618 165
-179 -550 189
-254 -492 210
-345 -385 240
-398 -272 274
-405 -234 284
-411 -188 307
-401 -208 321
-381 -269 313
-315 -376 306
-210 -483 306
-91 -534 320
163 -536 377
256 -497 400
489 -280 427
561 -117 409
556 119 380
436 318 373
246 435 386
43 450 394
-124 406 397
-236 336 406
-390 139 367
-440 2 309
-444 -83 284
-450 -96 283
-447 -101 285
-440 -25 302
-421 99 328
-296 320 348
-48 455 369
193 448 384
445 290 400
578 97 363
626 -84 327
593 -334 267
506 -477 221
358 -592 190
213 -631 189
-27 -615 202
-156 -563 205
-294 -453 226
-390 -314 247
-435 -199 264
-451 -50 284
-442 51 290
-430 103 291
-437 85 286
-462 -52 257
-443 -193 236
-370 -378 206
-207 -553 157
59 -657 111
281 -644 98
507 -519 132
637 -299 199
660 -129 252
611 117 311
443 330 358
258 434 377
-28 457 379
-229 357 387
-313 259 387
-383 145 379
-410 67 368
-420 19 353
-431 23 344
-387 198 340
-281 341 336
1 490 326
335 429 324
495 305 312
629 99 272
664 -200 223
594 -393 188
454 -555 157
282 -636 151
128 -648 168
-59 -614 196
-224 -521 227
-345 -376 274
-411 -237 297
-449 -40 311
-422 126 325
-397 173 339
-363 210 374
-371 183 380
-388 139 376
-428 27 349
-443 -150 298
-395 -311 254
-240 -517 210
2 -639 180
211 -634 199
431 -528 257
548 -350 329
570 -203 383
547 -11 434
496 153 447
460 223 439
282 381 435
85 424 443
-68 395 447
-242 289 440
-318 174 449
-329 127 459
-330 87 466
-335 87 464
-317 168 465
-230 265 472
-111 351 480
199 339 510
341 217 522
456 -2 518
463 -265 470
357 -445 414
183 -571 339
10 -581 317
-101 -539 319
-220 -443 361
-312 -289 415
-342 -156 449
-321 30 490
-252 140 519
-158 214 545
-139 218 552
-189 150 552
-247 77 538
-317 -70 488
-291 -269 444
-202 -401 420
-25 -516 395
214 -536 379
362 -464 396
468 -294 443
492 -75 486
438 95 515
274 262 531
125 348 515
-19 329 526
-116 258 540
-237 123 533
-307 -19 503
-333 -92 473
-347 -63 456
-316 100 483
-219 240 497
33 382 487
199 386 466
398 290 444
555 63 413
555 -252 383
436 -452 358
331 -519 354
142 -559 364
1 -529 386
-87 -485 410
-220 -340 459
-269 -224 484
-286 -119 509
-254 -33 540
-239 -52 545
-236 -163 527
-227 -261 497
-122 -428 449
-8 -481 435
150 -480 452
248 -418 490
347 -264 533
392 -156 543
444 -35 525
443 55 519
360 183 530
277 253 539
152 246 580
100 201 598
95 151 619
123 121 623
131 94 629
109 102 625
109 144 621
142 191 596
212 180 589
281 109 592
301 -63 595
238 -221 581
179 -300 566
65 -359 543
-86 -335 521
-202 -280 502
-305 -127 488
-306 71 487
-278 192 474
-234 292 447
-120 398 413
-94 410 414
-122 384 431
-179 311 471
-214 237 498
-237 134 526
-234 28 547
-226 -56 550
-197 -168 550
-120 -250 548
-45 -296 556
64 -314 564
161 -299 562
339 -154 560
416 -4 539
428 106 512
391 187 499
331 249 515
231 306 518
141 310 537
100 301 546
93 295 548
143 306 534
230 293 526
355 226 513
463 111 483
501 -13 475
501 -142 468
454 -317 438
428 -363 428
242 -510 402
13 -552 353
-141 -516 321
-305 -414 288
-414 -262 261
-449 -137 267
-438 30 313
-411 119 338
-381 184 342
-348 245 356
-355 229 351
-397 111 359
-401 -39 383
-346 -237 400
-251 -373 396
-150 -461 395
21 -522 399
220 -499 414
383 -392 445
498 -146 476
440 55 517
399 115 533
331 205 539
242 228 562
104 201 596
2 135 618
-38 98 615
-35 118 610
3 171 605
60 221 591
109 232 586
240 189 579
352 68 572
402 -73 546
377 -281 513
241 -446 466
104 -499 427
-81 -497 393
-227 -438 363
-308 -305 363
-392 -154 369
-417 -48 366
-412 -33 368
-381 -65 412
-296 -142 492
-200 -188 538
-162 -189 558
-122 -166 581
-100 -137 594
-107 -116 597
-145 -83 589
-193 -54 571
-215 -62 559
-216 -104 551
-184 -146 559
-149 -168 566
-113 -200 573
-105 -200 576
-115 -179 581
-129 -136 585
-139 -108 588
-144 -70 583
-151 9 589
-121 77 595
-37 136 608
51 161 609
110 151 610
188 52 622
180 -24 626
118 -133 626
63 -169 615
-18 -158 610
-60 -99 610
-47 -23 621
-40 22 626
-44 31 625
-62 -19 617
-47 -79 619
1 -171 613
77 -248 594
131 -270 578
161 -253 591
178 -233 594
216 -184 601
241 -113 607
258 -53 612
285 23 599
238 113 600
148 158 610
94 178 606
44 148 614
-29 114 619
-96 128 601
-109 142 588
-97 197 577
-79 265 552
10 346 516
126 376 491
190 374 481
313 313 483
379 216 509
421 113 523
434 -65 533
370 -271 522
294 -393 488
180 -472 455
37 -497 428
-97 -478 398
-248 -396 376
-338 -299 370
-380 -210 374
-385 -196 368
-373 -246 351
-334 -336 342
-271 -428 321
-154 -543 274
-58 -606 229
4 -643 175
86 -671 71
201 -665 -26
327 -629 -83
486 -521 -125
584 -391 -138
661 -163 -129
651 10 -113
554 261 -50
475 366 -12
361 443 12
243 478 -8
162 491 -36
108 482 -60
125 476 -79
182 469 -92
324 409 -118
483 289 -133
587 149 -149
637 -63 -183
592 -268 -225
524 -413 -252
414 -474 -270
276 -533 -283
109 -545 -297
18 -533 -286
-170 -478 -235
-271 -382 -224
-318 -280 -233
-342 -174 -240
-330 -119 -262
-316 -127 -280
-281 -206 -298
-217 -342 -299
-130 -450 -297
53 -571 -255
246 -610 -187
370 -590 -146
522 -502 -105
647 -310 -67
683 -205 -53
668 93 12
555 296 71
447 406 81
266 494 82
94 513 58
-31 501 38
-161 447 -6
-230 376 -62
-284 313 -93
-364 179 -124
-394 0 -169
-396 -32 -173
-399 1 -175
-397 52 -153
-391 99 -133
-367 168 -139
-260 305 -136
-70 436 -108
142 478 -82
430 386 -54
621 178 -43
684 -20 -58
673 -243 -78
569 -449 -91
446 -570 -101
299 -637 -91
23 -650 -77
-137 -595 -77
-279 -475 -104
-317 -357 -188
-313 -278 -243
-318 -199 -265
-327 -154 -262
-318 -166 -267
-325 -218 -253
-314 -307 -222
-280 -399 -201
-186 -537 -145
-23 -637 -83
186 -662 -54
349 -631 -54
528 -505 -66
637 -315 -104
661 -170 -140
648 11 -135
613 167 -84
508 333 -18
417 420 16
254 498 46
66 516 48
-112 476 8
-251 366 -65
-338 229 -128
-364 159 -147
-372 34 -199
-368 36 -205
-360 93 -185
-322 209 -165
-248 313 -146
-132 408 -115
148 473 -96
404 386 -88
601 211 -47
679 20 -44
676 -267 -54
554 -480 -81
408 -584 -103
304 -633 -107
148 -660 -91
-22 -631 -98
-144 -571 -124
-267 -447 -168
-333 -288 -211
-380 -172 -192
-395 -62 -182
-378 -20 -199
-374 -3 -202
-380 20 -197
-378 -6 -197
-375 -131 -207
-351 -310 -181
-228 -511 -129
-65 -618 -96
226 -656 -94
466 -544 -124
531 -463 -152
611 -244 -211
615 -70 -224
578 61 -226
488 228 -213
333 355 -200
174 401 -204
-16 411 -170
-134 394 -137
-184 361 -127
-210 356 -126
-187 374 -120
-78 404 -160
52 410 -195
241 360 -242
403 261 -253
501 153 -260
580 -45 -267
585 -258 -242
530 -406 -218
377 -560 -206
158 -619 -199
19 -594 -211
-131 -514 -233
-231 -404 -257
-273 -310 -269
-284 -207 -299
-250 -39 -336
-219 16 -345
-197 77 -343
-216 59 -338
-205 33 -351
-178 -26 -378
-173 -138 -389
-132 -248 -392
-29 -403 -379
113 -498 -346
227 -502 -331
342 -440 -346
425 -315 -369
463 -168 -373
453 -58 -373
407 70 -370
319 184 -352
223 251 -333
105 305 -305
-22 303 -293
-88 263 -296
-146 205 -310
-153 186 -323
-130 178 -331
-97 176 -351
-34 172 -372
55 145 -400
96 114 -423
145 48 -446
191 8 -446
252 -61 -453
302 -151 -448
318 -236 -436
294 -315 -421
237 -371 -420
166 -396 -411
69 -393 -406
-7 -373 -403
-57 -349 -400
-107 -314 -390
-141 -302 -380
-134 -307 -379
-137 -337 -363
-140 -386 -338
-116 -448 -315
-57 -498 -295
51 -552 -284
185 -557 -288
266 -540 -286
355 -500 -286
436 -443 -296
500 -373 -278
574 -258 -254
621 -148 -217
639 -61 -179
637 62 -138
597 195 -91
545 280 -51
452 378 -26
337 449 -23
276 470 -15
153 500 -18
69 493 -42
-6 477 -63
-98 435 -90
-183 380 -123
-256 305 -148
-301 234 -163
-318 181 -194
-322 153 -204
-294 184 -218
-178 269 -250
45 348 -263
337 314 -248
556 134 -215
647 -96 -181
607 -317 -189
474 -473 -235
343 -528 -270
93 -518 -318
-53 -456 -332
-181 -287 -351
-189 -185 -372
-117 -55 -410
10 -20 -444
-19 -107 -443
-25 -129 -446
-86 -152 -425
-96 -216 -415
-57 -260 -421
27 -317 -427
148 -355 -429
232 -352 -420
349 -323 -403
451 -247 -373
478 -141 -360
490 -4 -337
484 107 -299
456 230 -238
379 339 -188
275 412 -157
202 425 -153
136 441 -146
68 427 -173
18 406 -191
-156 311 -226
-212 197 -276
-199 140 -317
-166 77 -363
-156 50 -370
-152 73 -370
-112 153 -355
-14 243 -335
83 313 -301
243 322 -274
410 246 -261
529 63 -287
533 -73 -316
483 -216 -356
411 -347 -369
338 -401 -371
229 -442 -380
94 -434 -387
-18 -376 -394
-142 -267 -385
-230 -132 -357
-246 -25 -333
-257 94 -300
-216 198 -273
-174 253 -265
-124 278 -270
-133 266 -278
-158 236 -283
-216 95 -325
-209 -81 -369
-166 -209 -384
-51 -340 -398
137 -406 -404
288 -372 -402
426 -231 -386
498 -55 -343
519 73 -292
474 148 -285
373 256 -276
240 315 -287
108 306 -303
-52 255 -316
-169 148 -332
-212 69 -336
-228 6 -341
-234 16 -338
-225 68 -331
-172 164 -316
-62 269 -305
49 327 -286
224 334 -266
433 230 -261
547 78 -259
568 -141 -281
486 -302 -332
420 -348 -355
235 -372 -413
86 -311 -439
-30 -242 -434
-128 -121 -410
-122 4 -402
-107 57 -397
-123 68 -385
-101 111 -379
-39 148 -382
70 180 -391
122 172 -393
26 152 -397
-47 106 -397
-76 30 -414
-80 -12 -423
-79 -33 -421
-90 -70 -428
-78 -125 -432
-50 -164 -440
12 -205 -446
125 -180 -466
220 -139 -460
314 -79 -435
322 -40 -432
300 -11 -435
296 18 -426
300 33 -422
309 40 -416
304 23 -426
272 2 -437
245 -37 -450
222 -94 -461
220 -134 -458
191 -145 -465
154 -132 -464
140 -103 -463
103 -84 -465
31 -73 -453
-32 -88 -440
-93 -123 -422
-147 -165 -400
-185 -192 -372
-226 -209 -344
-272 -230 -299
-281 -239 -289
-229 -297 -310
-195 -318 -329
-164 -351 -338
-86 -370 -367
31 -363 -405
116 -336 -432
257 -257 -446
293 -179 -453
244 -151 -455
196 -158 -464
168 -162 -468
150 -161 -463
155 -157 -466
152 -169 -467
144 -186 -465
128 -229 -459
130 -255 -455
151 -266 -453
186 -263 -451
217 -255 -450
241 -240 -449
270 -224 -445
275 -200 -449
273 -183 -452
268 -161 -455
231 -124 -461
162 -111 -468
74 -107 -464
-10 -110 -450
-70 -135 -431
-114 -189 -407
-144 -241 -379
-152 -286 -371
-99 -345 -371
-10 -409 -377
52 -440 -371
140 -440 -380
227 -407 -395
311 -337 -408
353 -266 -414
344 -213 -428
293 -217 -444
219 -244 -446
109 -257 -452
7 -243 -442
-45 -207 -433
-93 -144 -421
-93 -103 -423
-69 -90 -434
-20 -71 -443
-15 -44 -445
-66 -9 -426
-114 17 -399
-184 48 -357
-219 50 -338
-239 47 -318
-210 23 -349
-167 -13 -382
-129 -56 -404
-98 -71 -418
-58 -85 -436
-10 -99 -451
39 -119 -458
68 -121 -466
107 -92 -460
150 -64 -460
174 -12 -451
181 41 -439
175 112 -417
139 163 -399
106 180 -388
88 176 -391
92 144 -405
86 104 -421
76 34 -442
62 -45 -459
48 -90 -461
64 -151 -461
88 -206 -459
132 -286 -451
173 -331 -432
248 -397 -398
299 -421 -377
357 -435 -341
417 -426 -313
467 -408 -293
524 -377 -261
544 -349 -247
551 -340 -253
550 -328 -260
533 -319 -280
519 -306 -307
502 -296 -321
483 -279 -340
477 -237 -354
481 -216 -361
490 -160 -352
471 -100 -368
432 -88 -393
371 -64 -418
325 -37 -430
296 -28 -440
279 -47 -445
262 -79 -452
247 -88 -460
224 -92 -462
205 -91 -461
171 -105 -466
148 -129 -466
135 -191 -465
125 -231 -462
113 -272 -451
106 -309 -442
109 -341 -435
123 -378 -416
141 -404 -403
147 -420 -398
135 -429 -395
117 -437 -387
121 -441 -383
99 -459 -371
107 -463 -369
138 -460 -372
152 -458 -382
174 -439 -389
210 -411 -397
245 -385 -408
294 -333 -418
298 -272 -435
264 -196 -454
183 -126 -468
92 -93 -464
-37 -65 -437
-140 -73 -404
-208 -136 -363
-227 -265 -336
-203 -349 -318
-136 -458 -296
-34 -550 -260
112 -596 -242
192 -574 -267
253 -521 -314
286 -437 -375
307 -322 -416
278 -204 -450
215 -116 -464
86 11 -448
7 68 -418
-96 79 -389
-191 3 -366
-245 -87 -338
-274 -199 -311
-236 -332 -297
-169 -420 -293
-59 -493 -301
79 -520 -324
162 -506 -343
255 -445 -372
327 -349 -399
365 -233 -419
387 -125 -415
358 19 -406
258 129 -396
183 178 -381
81 196 -378
-49 164 -366
-141 117 -353
-233 45 -331
-274 -22 -316
-277 -85 -317
-243 -186 -341
-180 -283 -358
-118 -348 -367
-54 -386 -380
83 -383 -416
162 -327 -435
253 -250 -447
323 -164 -445
348 -77 -429
349 47 -401
301 160 -373
249 229 -346
175 293 -309
78 320 -291
-2 297 -299
-104 221 -314
-180 102 -345
-188 -26 -373
-145 -105 -402
-42 -183 -442
94 -208 -466
205 -196 -457
346 -165 -435
441 -127 -391
485 -86 -357
483 2 -344
429 117 -339
355 191 -333
222 245 -346
99 248 -353
-68 180 -357
-168 30 -373
-157 -136 -398
-85 -237 -416
36 -328 -432
184 -364 -429
250 -352 -423
383 -253 -409
462 -165 -382
498 -102 -351
498 16 -330
459 110 -320
410 159 -326
313 208 -343
199 184 -385
95 135 -414
-40 19 -424
-86 -131 -426
-16 -265 -437
92 -343 -430
257 -372 -413
388 -345 -383
459 -290 -356
528 -205 -326
562 -97 -303
557 -24 -289
518 29 -311
450 66 -353
369 86 -384
245 80 -424
131 49 -446
81 8 -455
45 -64 -461
102 -219 -465
150 -282 -454
279 -374 -408
379 -372 -376
454 -323 -354
522 -251 -323
575 -197 -286
591 -148 -272
576 -86 -282
518 -34 -334
448 -4 -374
335 32 -411
198 37 -449
84 -18 -460
36 -97 -462
25 -202 -459
89 -309 -449
164 -370 -428
274 -403 -397
379 -389 -370
434 -355 -348
489 -292 -339
521 -230 -330
531 -192 -328
515 -132 -345
482 -101 -369
416 -68 -405
328 -38 -435
217 -36 -462
151 -65 -467
93 -126 -467
71 -201 -466
83 -249 -459
174 -389 -420
248 -416 -387
343 -403 -377
414 -360 -365
456 -305 -355
488 -244 -356
491 -194 -362
462 -125 -382
438 -80 -393
384 -11 -406
329 17 -423
248 2 -448
152 -62 -465
85 -155 -466
83 -199 -466
102 -198 -464
163 -207 -468
202 -213 -467
240 -213 -460
273 -218 -452
302 -198 -449
318 -182 -444
334 -166 -442
337 -153 -439
329 -143 -443
324 -143 -445
313 -133 -445
298 -123 -452
296 -116 -451
293 -110 -449
297 -108 -451
294 -104 -453
287 -102 -451
280 -99 -454
281 -102 -456
280 -94 -452
291 -88 -454
301 -78 -450
311 -69 -442
323 -64 -439
321 -58 -440
313 -53 -442
305 -47 -442
310 -32 -439
314 -19 -435
315 -21 -435
316 -20 -437
313 -20 -437
301 -24 -437
286 -30 -445
273 -30 -449
268 -33 -446
275 -39 -448
