10.4545	5.5455	-48.8776
9.3636	4.7273	-48.8776
9.6364	4.0909	-49.1837
11.5455	3.4545	-49.0816
11.9091	2.1818	-49.3878
9.0909	-1.6364	-49.7959
10.1818	-2.0000	-49.6939
19.2727	-2.3636	-48.2653
27.4545	-5.3636	-46.1224
28.4545	-11.2727	-45.6122
22.1818	-13.4545	-47.0408
21.6364	-15.4545	-46.9388
19.1818	-19.5455	-46.3265
15.9091	-21.5455	-46.2245
12.0000	-22.0000	-46.3265
9.4545	-19.2727	-47.4490
10.3636	-19.4545	-47.3469
13.7273	-19.0909	-47.2449
18.6364	-16.8182	-47.3469
26.0909	-6.9091	-46.5306
24.5455	6.1818	-46.1224
19.8182	10.1818	-46.1224
12.5455	14.4545	-46.2245
10.2727	15.8182	-46.2245
5.8182	18.6364	-45.5102
3.7273	18.9091	-45.3061
0.2727	17.4545	-46.2245
-1.1818	16.9091	-46.0204
-2.7273	15.9091	-46.2245
-3.8182	14.5455	-46.5306
-2.8182	14.7273	-46.9388
-5.2727	12.4545	-47.6531
-4.3636	12.9091	-47.5510
-6.3636	13.0000	-47.1429
-6.1818	12.6364	-47.0408
-7.0000	10.0909	-47.4490
-0.0909	1.9091	-49.4898
-2.9091	-1.5455	-49.7959
-4.5455	-3.1818	-49.4898
-6.2727	-6.4545	-49.3878
-6.0909	-7.3636	-49.1837
-3.7273	-10.6364	-49.0816
0.0000	-11.8182	-49.0816
1.8182	-12.4545	-48.9796
6.1818	-16.3636	-48.2653
11.3636	-17.0000	-47.9592
13.4545	-16.1818	-47.8571
12.0909	-15.5455	-48.2653
10.7273	-15.3636	-48.5714
6.5455	-14.8182	-48.5714
3.9091	-15.3636	-48.4694
-4.8182	-16.6364	-47.6531
-9.4545	-17.2727	-46.6327
-19.6364	-18.0000	-43.0612
-30.0000	-20.0000	-37.0408
-33.6364	-20.4545	-34.4898
-36.7273	-20.2727	-31.9388
-38.7273	-19.0909	-30.9184
-39.6364	-14.0909	-32.1429
-41.2727	-2.6364	-33.2653
-40.9091	4.9091	-33.1633
-34.3636	19.7273	-33.8776
-28.7273	24.5455	-34.3878
-15.1818	31.9091	-34.7959
-1.4545	35.3636	-34.1837
6.0000	35.5455	-33.6735
20.9091	31.8182	-33.5714
29.2727	28.0000	-33.1633
40.6364	15.8182	-34.5918
50.2727	1.2727	-32.6531
53.1818	-6.1818	-30.7143
52.7273	-21.2727	-28.1633
49.8182	-27.9091	-27.7551
42.2727	-37.0909	-26.8367
33.7273	-44.3636	-25.2041
26.1818	-47.7273	-24.5918
8.5455	-50.2727	-24.5918
0.7273	-50.2727	-24.0816
-13.7273	-45.9091	-24.2857
-22.2727	-41.3636	-25.1020
-38.8182	-29.1818	-23.3673
-49.0000	-16.6364	-19.8980
-50.9091	-11.3636	-19.4898
-51.2727	-1.1818	-21.4286
-51.1818	0.5455	-22.0408
-51.5455	-5.8182	-20.6122
-47.2727	-23.7273	-17.4490
-40.7273	-34.1818	-14.8980
-19.6364	-51.7273	-8.9796
-8.0000	-55.8182	-8.2653
18.1818	-57.0000	-10.2041
44.7273	-46.6364	-12.8571
53.0909	-37.1818	-16.6327
59.0909	-15.3636	-23.6735
57.1818	-4.8182	-27.0408
46.3636	13.5455	-31.6327
30.6364	28.6364	-32.4490
22.5455	32.8182	-32.3469
6.1818	37.6364	-31.3265
-0.8182	37.1818	-31.7347
-13.0000	33.2727	-33.6735
-18.8182	27.8182	-36.7347
-22.3636	23.9091	-37.8571
-24.9091	17.2727	-40.0000
-27.2727	14.2727	-39.8980
-33.0000	6.1818	-38.8775
-34.6364	2.8182	-38.1633
-36.7273	-4.2727	-36.7347
-37.4545	-12.6364	-34.3878
-38.0000	-14.7273	-33.2653
-36.0000	-17.6364	-33.8776
-35.4545	-18.2727	-34.3878
-36.5455	-18.3636	-33.3673
-36.0000	-16.6364	-34.2857
-33.3636	-16.3636	-36.4286
-35.0000	-8.5455	-37.2449
-37.6364	-3.2727	-35.9184
-43.8182	6.4545	-30.2041
-46.0909	11.6364	-26.3265
-47.2727	11.8182	-24.5918
-47.5455	10.4545	-25.7143
-45.9091	9.0000	-27.7551
-45.1818	9.4545	-28.9796
-44.2727	10.8182	-29.1837
-44.9091	12.0000	-27.7551
-45.1818	11.0000	-27.7551
-44.7273	10.6364	-28.3673
-44.9091	10.2727	-28.4694
-45.5455	8.3636	-28.2653
-45.4545	5.5455	-28.5714
-45.2727	-0.8182	-29.6939
-44.0000	-4.3636	-30.6122
-39.2727	-11.0000	-33.9796
0.0000	0.0000	0.0000
-42.3636	-11.9091	-30.8163
-41.6364	-15.1818	-30.6122
-41.3636	-16.6364	-30.0000
-41.0909	-18.1818	-29.4898
-40.4545	-20.3636	-29.0816
-33.4545	-28.0000	-30.0000
-22.9091	-38.1818	-29.1837
-19.3636	-40.8182	-28.3673
-9.5455	-44.4545	-28.4694
-4.8182	-45.5455	-28.8775
5.0000	-44.9091	-31.2245
17.9091	-42.6364	-32.5510
21.7273	-42.0000	-32.2449
30.9091	-40.0000	-31.1224
34.0000	-38.7273	-30.4082
37.9091	-34.3636	-31.7347
40.2727	-28.9091	-33.9796
39.4545	-26.1818	-35.6122
39.7273	-20.6364	-37.5510
40.7273	-17.7273	-38.2653
41.5455	-7.5455	-39.3878
40.0000	3.0909	-39.3878
39.1818	7.5455	-38.9796
37.8182	13.9091	-37.3469
37.7273	14.0909	-37.6531
35.2727	14.5455	-38.8775
30.4545	17.0909	-40.0000
26.3636	20.1818	-40.3061
25.9091	21.6364	-39.3878
26.2727	21.4545	-39.4898
30.5455	20.0000	-38.3673
37.9091	12.6364	-38.3673
48.5455	-5.5455	-34.7959
49.8182	-22.0000	-30.3061
46.1818	-32.0000	-27.8571
32.8182	-44.3636	-25.3061
31.5455	-44.2727	-25.8163
33.2727	-42.0000	-27.4490
39.8182	-36.4545	-28.9796
42.2727	-33.1818	-30.0000
47.1818	-23.3636	-32.3469
48.3636	-17.2727	-33.3673
46.7273	-6.7273	-35.7143
47.8182	-6.4545	-35.0000
50.0000	-9.1818	-33.5714
47.7273	-4.3636	-35.3061
45.0000	0.9091	-37.2449
36.5455	10.7273	-39.6939
31.6364	17.8182	-38.7755
30.0000	19.2727	-38.8775
27.8182	18.5455	-40.2041
25.0000	19.0909	-41.1224
23.6364	19.0909	-41.5306
14.7273	20.8182	-43.0612
8.8182	23.6364	-42.3469
5.6364	25.0000	-41.9388
3.0909	26.3636	-41.4286
1.8182	26.3636	-41.4286
0.8182	26.0909	-41.5306
-0.9091	25.2727	-41.6327
-5.4545	23.6364	-42.7551
-8.2727	22.5455	-42.6531
-13.5455	21.6364	-42.2449
-16.0909	20.5455	-42.0408
-23.1818	18.5455	-40.4082
-30.9091	14.0000	-38.1633
-33.3636	11.6364	-37.4490
-35.8182	6.6364	-36.7347
-37.0000	5.1818	-36.5306
-37.8182	0.0909	-36.1225
-37.7273	-4.0909	-36.3265
-37.2727	-4.6364	-36.6327
-36.5455	-5.8182	-36.5306
-36.8182	-5.8182	-36.7347
-36.8182	-5.8182	-36.4286
-36.2727	-2.9091	-37.0408
-37.2727	2.2727	-36.5306
-33.0909	18.0000	-35.2041
-28.4545	23.7273	-35.0000
-18.1818	30.6364	-35.0000
-8.4545	33.7273	-34.6939
-4.3636	34.5455	-34.7959
2.6364	34.6364	-34.2857
6.9091	34.8182	-34.0816
14.7273	34.6364	-33.3673
18.2727	34.0000	-32.5510
25.2727	32.1818	-31.9388
29.5455	30.4545	-31.0204
32.4545	29.1818	-30.0000
36.5455	26.1818	-30.1020
38.8182	23.8182	-30.3061
44.0000	19.5455	-30.2041
49.1818	13.1818	-29.2857
50.9091	7.7273	-29.6939
57.8182	-1.6364	-25.9184
59.4545	-6.2727	-24.1837
58.0909	-17.3636	-23.8775
53.3636	-28.9091	-23.1633
46.8182	-36.0000	-24.5918
26.2727	-46.4545	-25.8163
14.5455	-48.0909	-27.2449
-6.8182	-44.7273	-28.3673
-24.1818	-36.3636	-28.8775
-29.9091	-31.2727	-29.3878
-38.4545	-20.3636	-29.6939
-44.4545	-14.5455	-27.5510
-51.3636	-3.7273	-21.0204
-52.4545	0.0000	-20.2041
-50.0909	1.0000	-23.0612
-48.5455	2.3636	-25.6122
-48.4545	3.1818	-25.9184
-45.5455	8.2727	-28.4694
-40.5455	10.3636	-32.7551
-38.6364	11.2727	-34.1837
-42.9091	12.4545	-29.8980
-45.0000	11.4545	-28.3673
-44.8182	9.9091	-29.1837
-44.0909	10.0000	-29.8980
-44.5455	8.0909	-29.4898
-45.1818	7.6364	-29.2857
-45.0000	8.7273	-28.9796
-45.8182	10.2727	-28.0612
-45.3636	11.6364	-27.8571
-43.3636	14.0000	-29.2857
-42.5455	15.3636	-28.9796
-42.8182	14.1818	-29.1837
-42.9091	13.4545	-29.7959
-42.8182	14.3636	-28.9796
-42.0000	15.7273	-29.7959
-42.0000	15.8182	-29.6939
-42.4545	15.1818	-29.4898
-42.8182	13.0909	-30.2041
-44.1818	14.9091	-27.8571
-42.6364	15.2727	-29.2857
-42.3636	13.5455	-30.3061
-42.5455	11.9091	-30.9184
-42.4545	9.5455	-31.7347
-42.7273	8.2727	-31.2245
-46.7273	4.3636	-27.2449
-40.6364	9.2727	-32.7551
-36.2727	7.5455	-36.9388
-32.8182	-3.3636	-39.8980
-30.0000	-10.9091	-40.3061
-24.4545	-25.0000	-38.7755
-20.5455	-29.9091	-37.3469
-9.7273	-37.5455	-36.2245
5.4545	-41.6364	-34.8980
13.6364	-43.0000	-33.4694
26.1818	-43.7273	-29.6939
31.0000	-43.1818	-28.2653
39.9091	-39.3636	-26.9388
47.3636	-34.0909	-26.1224
50.3636	-32.8182	-23.7755
56.6364	-29.1818	-19.7959
59.0909	-27.0909	-18.1633
62.1818	-22.7273	-16.6327
63.0000	-19.2727	-17.0408
63.2727	-16.4545	-16.9388
65.2727	-11.0000	-16.0204
65.5455	-9.2727	-15.5102
65.9091	-6.4545	-14.4898
66.1818	-3.9091	-14.1837
66.2727	-2.8182	-14.1837
66.0000	-0.9091	-13.5714
66.0000	-0.8182	-12.8571
67.0000	-3.1818	-12.5510
66.7273	-0.2727	-11.9388
66.5455	1.5455	-11.7347
64.8182	5.0909	-13.5714
65.0909	8.3636	-11.5306
62.7273	13.7273	-12.2449
0.0000	0.0000	0.0000
59.6364	19.5455	-11.1224
54.0909	27.0000	-11.6327
51.0909	30.0909	-11.3265
44.8182	35.9091	-10.5102
40.0909	39.1818	-10.7143
28.3636	43.0909	-15.4082
15.1818	46.9091	-16.1224
8.8182	47.7273	-16.0204
-6.9091	46.7273	-18.5714
-13.0909	44.6364	-20.6122
-27.4545	38.8182	-21.5306
-35.8182	29.0909	-26.3265
-39.5455	23.6364	-27.0408
-47.6364	14.3636	-23.6735
-51.8182	8.4545	-20.4082
-54.2727	-2.4545	-17.2449
-53.8182	-6.0000	-18.0612
-53.7273	-3.0000	-18.3673
-52.6364	10.6364	-18.3673
-49.2727	20.0000	-18.3673
-30.9091	35.0000	-24.0816
-15.7273	40.6364	-25.7143
-8.4545	41.2727	-27.1429
6.4545	41.8182	-26.7347
13.8182	41.5455	-25.2041
27.1818	39.0909	-22.7551
33.9091	36.3636	-21.6327
35.8182	36.0000	-20.3061
48.3636	31.4545	-13.2653
53.2727	28.8182	-8.8776
58.7273	19.9091	-12.3469
60.2727	14.0909	-15.3061
62.3636	6.7273	-16.7347
62.8182	-0.2727	-18.7755
63.0000	-5.0909	-19.1837
63.2727	-12.7273	-18.5714
63.5455	-13.6364	-18.0612
62.9091	-14.8182	-18.7755
63.3636	-16.3636	-17.9592
63.2727	-17.0000	-17.5510
65.0000	-16.8182	-14.8980
67.0909	-14.6364	-12.1429
69.3636	-5.6364	-7.1429
67.5455	-0.5455	-10.7143
67.2727	1.5455	-10.7143
66.5455	5.5455	-10.1020
66.4545	5.6364	-9.4898
67.8182	3.9091	-7.2449
68.0000	4.9091	-5.8163
68.0000	5.5455	-5.4082
68.0909	6.7273	-4.6939
68.0000	7.0000	-4.5918
68.3636	7.2727	-3.6735
68.2727	7.3636	-4.0816
67.6364	7.9091	-5.2041
66.3636	6.6364	-8.7755
65.8182	5.5455	-10.6122
65.7273	4.0000	-12.0408
67.0000	3.6364	-10.0000
66.7273	4.2727	-9.7959
67.4545	4.0000	-8.6735
68.1818	3.3636	-7.6531
69.4545	0.7273	-5.3061
70.0909	-0.2727	-3.8776
70.2727	-0.3636	-3.3673
70.6364	-6.0000	-3.7755
69.2727	-15.0000	-6.4286
61.6364	-31.0000	-11.1224
56.5455	-38.9091	-9.8980
41.9091	-51.9091	-5.7143
24.4545	-58.5455	-4.1837
14.6364	-59.2727	-3.6735
-5.1818	-57.6364	-4.6939
-16.0909	-53.9091	-6.3265
-35.5455	-41.1818	-11.2245
-44.7273	-29.6364	-14.6939
-48.1818	-24.0000	-15.6122
-52.7273	-12.0909	-16.3265
-53.7273	-6.0909	-17.6531
-53.0000	3.0909	-19.2857
0.0000	0.0000	0.0000
-48.9091	14.1818	-22.3469
-44.4545	21.7273	-23.7755
-42.9091	23.6364	-23.7755
-40.0909	26.8182	-24.0816
-35.4545	29.3636	-26.0204
-27.0000	28.0000	-32.9592
-29.2727	24.3636	-34.2857
-32.0000	24.9091	-32.3469
-35.3636	25.8182	-29.4898
-37.0909	26.3636	-27.1429
-38.4545	28.7273	-24.4898
-36.1818	31.7273	-23.1633
-35.1818	32.1818	-23.5714
-34.6364	34.7273	-21.3265
-31.6364	37.4545	-20.4082
-8.5455	46.7273	-18.3673
7.5455	46.7273	-18.3673
15.8182	45.5455	-18.2653
30.3636	39.8182	-18.5714
37.8182	35.7273	-18.6735
51.0909	25.1818	-18.2653
58.2727	17.1818	-15.4082
61.4545	13.6364	-13.5714
65.4545	3.7273	-11.9388
66.8182	-2.0000	-12.0408
65.3636	-16.9091	-13.4694
0.0000	0.0000	0.0000
65.1818	-18.6364	-13.3673
67.4545	-0.2727	-9.7959
64.4545	13.2727	-8.0612
48.2727	34.6364	-6.9388
35.7273	43.1818	-7.1429
10.2727	51.0909	-7.1429
-12.6364	51.2727	-4.7959
-22.6364	48.7273	-3.9796
-35.8182	42.8182	-2.6531
-39.0909	40.6364	-2.0408
-46.0000	34.7273	-1.9388
-49.0000	31.1818	-2.4490
-49.9091	30.0909	-1.7347
-52.2727	27.9091	0.2041
-53.0909	26.3636	0.9184
-55.1818	24.2727	3.7755
-56.7273	21.5455	9.5918
-56.7273	21.9091	9.8980
-57.8182	19.3636	12.1429
-59.5455	13.8182	13.7755
-60.9091	4.2727	16.7347
-60.1818	-6.9091	19.1837
-59.1818	-10.0000	20.9184
-57.9091	-13.2727	22.5510
-58.3636	-12.1818	22.3469
-56.5455	-17.0909	22.7551
-53.0000	-22.9091	26.6327
-50.9091	-24.8182	29.1837
-53.5455	-23.3636	24.8980
-54.0000	-22.7273	22.7551
-54.7273	-22.0000	22.1429
-54.7273	-21.7273	21.9388
-55.4545	-20.0909	22.7551
-55.8182	-19.1818	23.3673
-56.1818	-18.1818	23.6735
-58.9091	-7.9091	24.0816
-60.0909	2.5455	20.4082
-52.3636	29.3636	14.3878
-35.4545	44.8182	15.8163
-29.3636	47.7273	16.7347
-17.2727	52.2727	18.1633
-7.8182	53.5455	19.1837
21.0909	50.8182	22.9592
44.8182	39.8182	22.7551
53.5455	33.0909	22.8571
64.1818	19.8182	24.1837
67.6364	12.0909	25.2041
72.0909	-4.7273	25.9184
70.0000	-21.4545	27.5510
66.8182	-28.9091	28.8775
60.6364	-38.9091	27.6531
56.1818	-43.6364	26.6327
47.6364	-50.8182	23.9796
40.6364	-54.7273	23.8775
37.3636	-56.0000	23.2653
35.0909	-56.8182	23.5714
31.6364	-58.2727	20.7143
23.6364	-60.0000	19.3878
17.1818	-61.0909	18.8775
4.2727	-60.7273	18.6735
-8.3636	-58.2727	18.0612
-17.0000	-55.9091	18.4694
-32.1818	-48.0000	17.7551
-37.3636	-44.3636	17.1429
-45.6364	-36.0000	19.8980
-50.9091	-28.5455	21.4286
-51.9091	-26.2727	23.6735
-54.0000	-22.9091	21.2245
-53.9091	-22.4545	23.3673
-53.0909	-24.3636	23.0612
-54.1818	-23.9091	18.6735
-54.8182	-23.5455	16.4286
-55.4545	-22.9091	8.2653
-55.7273	-22.0000	5.1020
-55.3636	-21.5455	1.0204
-55.1818	-19.9091	-2.1429
-55.2727	-18.9091	-4.0816
-55.2727	-15.0909	-8.6735
-54.8182	-14.0000	-11.5306
-54.2727	-12.1818	-13.5714
-55.1818	-11.2727	-11.7347
-55.3636	-11.8182	-11.1224
-54.6364	-14.0000	-10.7143
-53.8182	-16.3636	-10.6122
-45.6364	-28.6364	-14.4898
-39.2727	-34.0000	-17.6531
-23.7273	-43.7273	-20.9184
-4.2727	-49.4545	-23.7755
5.7273	-50.4545	-23.9796
21.9091	-51.0000	-21.1224
29.9091	-49.9091	-19.5918
45.3636	-43.6364	-16.8367
57.5455	-35.0909	-12.3469
62.4545	-30.5455	-8.8776
67.5455	-20.8182	-6.4286
68.0909	-17.0909	-7.2449
70.1818	-10.0000	-4.1837
70.4545	-4.2727	-3.1633
67.7273	-2.5455	-10.4082
65.7273	0.3636	-13.0612
66.0000	4.1818	-11.3265
64.7273	4.9091	-13.6735
64.4545	7.4545	-12.3469
64.9091	8.7273	-10.5102
65.6364	10.3636	-7.7551
65.2727	11.7273	-7.5510
64.1818	15.0000	-6.6327
62.6364	17.9091	-6.5306
62.2727	19.8182	-4.0816
60.3636	23.7273	-2.5510
57.9091	27.2727	-1.2245
45.6364	38.0909	-4.0816
30.1818	45.0000	-9.0816
23.1818	47.0000	-11.1224
5.2727	48.6364	-15.2041
-5.1818	48.2727	-15.9184
-23.7273	43.7273	-16.6327
-31.6364	40.1818	-15.6122
-45.5455	29.0000	-14.0816
-53.0000	17.4545	-13.0612
-54.6364	12.0909	-13.8776
-54.5455	1.5455	-16.7347
-53.7273	-3.2727	-17.6531
-52.9091	-5.6364	-18.2653
-52.2727	-4.6364	-20.1020
-52.8182	-5.8182	-18.9796
-53.1818	-6.2727	-18.3673
-53.2727	-4.1818	-19.0816
-52.1818	-0.5455	-21.0204
-51.9091	8.3636	-20.2041
-52.0000	12.2727	-18.3673
-55.2727	12.6364	-11.8367
-56.0909	12.6364	-10.1020
-57.3636	12.0000	-7.1429
-56.6364	14.9091	-6.8367
-55.4545	18.8182	-5.7143
-46.7273	32.5455	-6.3265
-40.7273	38.3636	-6.5306
-24.8182	47.0909	-7.1429
0.0000	0.0000	0.0000
2.5455	51.6364	-8.2653
19.3636	49.3636	-7.0408
27.5455	47.0909	-6.5306
45.2727	37.5455	-5.5102
52.0000	32.2727	-3.8776
61.4545	21.5455	-2.8571
69.0000	9.4545	2.4490
70.3636	5.4545	3.2653
71.5455	-0.5455	2.0408
71.7273	-1.9091	2.8571
72.3636	-4.8182	5.3061
72.8182	-11.0909	7.1429
71.7273	-16.0000	3.2653
66.5455	-30.0000	1.5306
62.0000	-37.7273	4.3878
49.9091	-49.2727	4.1837
28.8182	-58.1818	0.2041
18.7273	-59.3636	-1.5306
0.5455	-58.6364	-4.4898
-8.8182	-56.8182	-3.9796
-18.3636	-53.0909	-6.4286
-28.0909	-48.0000	-6.9388
-31.8182	-45.2727	-7.1429
-39.5455	-39.7273	-7.3469
-42.7273	-35.3636	-8.6735
-47.9091	-28.4545	-10.3061
-53.0000	-22.2727	-6.0204
-58.1818	-9.1818	-3.8776
-59.0000	2.5455	-5.0000
-58.7273	5.8182	-5.0000
-59.3636	8.8182	-1.6327
-59.6364	9.7273	0.1020
-60.0909	9.0909	3.8776
-60.4545	9.6364	7.9592
-60.2727	9.0909	9.3878
-60.7273	9.4545	12.0408
-60.3636	9.9091	15.0000
-60.3636	10.4545	14.6939
-58.9091	13.6364	18.8775
-58.5455	14.0909	19.4898
-58.0000	16.1818	20.4082
-56.8182	18.5455	21.0204
-51.3636	28.9091	20.0000
-37.5455	41.6364	25.1020
-30.5455	45.2727	25.2041
-20.6364	49.7273	25.3061
-16.2727	50.8182	25.4082
-4.5455	52.1818	27.2449
13.3636	50.2727	31.0204
21.6364	48.5455	31.0204
36.2727	43.2727	29.0816
42.9091	39.1818	29.8980
55.1818	30.2727	26.6327
59.6364	26.1818	24.0816
65.6364	17.7273	23.3673
68.6364	10.7273	23.5714
69.6364	8.7273	21.6327
70.1818	7.8182	21.4286
69.9091	8.1818	20.9184
70.3636	7.6364	19.4898
70.7273	5.5455	20.1020
71.1818	3.2727	22.5510
72.1818	-5.2727	25.1020
71.8182	-12.3636	25.9184
71.9091	-17.6364	23.5714
70.2727	-22.5455	24.0816
69.6364	-24.6364	24.0816
67.3636	-29.8182	23.6735
67.0000	-30.4545	24.0816
65.9091	-32.7273	24.6939
62.5455	-36.7273	26.7347
61.2727	-38.3636	26.4286
56.6364	-43.9091	24.0816
53.9091	-46.0909	24.4898
48.7273	-50.0909	24.8980
43.1818	-53.3636	23.8775
40.7273	-54.2727	24.1837
35.6364	-56.7273	23.0612
31.4545	-58.2727	22.4490
22.3636	-60.0000	20.2041
0.0000	0.0000	0.0000
1.3636	-60.7273	12.0408
-14.5455	-57.0000	11.0204
-20.5455	-55.0000	11.8367
-33.6364	-47.6364	13.7755
-39.8182	-42.5455	14.3878
-50.3636	-30.8182	16.7347
-55.8182	-21.0000	18.2653
-57.9091	-14.7273	20.2041
-59.4545	-2.5455	23.3673
-59.8182	1.5455	23.7755
-59.4545	2.8182	24.7959
-57.9091	5.6364	28.8775
-57.6364	5.5455	29.4898
-58.3636	7.4545	27.4490
-58.1818	8.9091	27.0408
-55.6364	9.7273	33.4694
-49.7273	9.9091	43.1633
-46.0000	10.1818	47.8571
-37.1818	10.9091	56.1224
-33.3636	11.2727	58.8776
-31.2727	13.1818	59.4898
-31.5455	14.7273	59.1837
-30.9091	15.7273	58.7755
-28.8182	17.4545	59.1837
-28.5455	18.6364	59.3878
-24.0909	22.0000	59.7959
-17.6364	25.8182	60.4082
-14.9091	27.7273	60.2041
-7.5455	29.8182	61.0204
-3.6364	31.1818	60.3061
7.9091	31.4545	60.9184
13.9091	29.8182	61.3265
23.1818	25.4545	62.1429
30.0909	21.2727	62.2449
32.5455	18.9091	62.4490
41.4545	13.4545	60.7143
45.5455	10.1818	59.3878
46.6364	3.8182	60.3061
45.6364	-0.0909	62.2449
44.0909	-2.4545	63.1633
37.5455	-3.7273	66.7347
36.2727	-4.1818	67.4490
34.4545	-4.8182	68.0612
38.3636	-7.4545	66.5306
40.4545	-8.3636	65.6122
45.5455	-9.7273	62.5510
47.9091	-10.4545	60.9184
49.9091	-13.0000	58.9796
45.8182	-10.2727	62.0408
45.1818	-11.0909	62.7551
44.7273	-10.0909	63.1633
45.8182	-11.0000	62.1429
43.0909	-10.5455	64.0816
0.0000	0.0000	0.0000
35.8182	-15.3636	66.7347
27.6364	-23.2727	67.3469
23.8182	-25.9091	67.1429
9.2727	-24.5455	68.9796
2.8182	-22.3636	69.1837
-5.9091	-19.1818	69.1837
-13.4545	-12.9091	68.6735
-17.4545	-9.9091	67.7551
-19.1818	-3.8182	67.6531
-18.0909	-2.4545	68.4694
-17.3636	1.1818	68.1633
-19.4545	0.7273	67.5510
-23.6364	5.1818	65.4082
-26.0000	5.7273	64.2857
-27.0000	6.9091	63.6735
-29.7273	8.1818	61.9388
-30.0000	6.1818	62.0408
-29.7273	5.4545	62.0408
-29.8182	3.6364	62.5510
-30.7273	3.0000	61.9388
-28.3636	2.9091	63.4694
-33.9091	-3.7273	60.5102
-35.0000	-7.0909	58.6735
-40.9091	-13.9091	52.0408
-43.9091	-18.4545	46.6327
-50.5455	-23.1818	32.3469
-52.1818	-22.8182	29.3878
-52.5455	-23.0909	27.4490
-51.6364	-24.2727	27.9592
-50.1818	-24.8182	30.5102
-43.7273	-27.9091	39.1837
-39.4545	-28.0000	44.5918
-31.6364	-27.5455	53.1633
-26.8182	-27.4545	56.2245
-24.5455	-27.6364	57.8571
-25.9091	-26.6364	57.5510
-27.4545	-25.7273	57.0408
-32.9091	-24.8182	53.4694
-35.9091	-24.3636	51.0204
-34.4545	-25.4545	51.8367
-30.4545	-27.3636	54.1837
-30.2727	-28.6364	53.2653
-28.8182	-30.3636	52.9592
-22.2727	-33.5455	54.8980
-18.9091	-36.5455	54.5918
1.0000	-44.7273	53.8776
11.4545	-46.6364	52.8571
30.4545	-43.9091	51.4286
46.8182	-32.7273	52.1429
51.3636	-26.0909	53.1633
53.7273	-18.2727	54.0816
54.7273	-16.0909	54.2857
56.7273	-11.2727	52.9592
56.4545	-8.6364	53.1633
56.2727	-6.7273	54.1837
55.2727	-4.1818	54.4898
54.9091	-3.2727	54.7959
57.0000	-1.5455	53.0612
56.8182	1.0000	52.6531
56.2727	9.0000	50.1020
53.9091	13.7273	50.0000
52.2727	15.7273	50.5102
49.2727	18.3636	51.5306
48.0909	19.9091	52.0408
44.5455	23.2727	51.7347
36.7273	32.5455	48.8776
31.1818	35.4545	49.1837
19.5455	40.3636	48.4694
13.4545	41.4545	48.5714
-1.6364	40.6364	50.7143
-12.8182	38.5455	50.7143
-18.2727	37.4545	49.2857
-27.0000	34.3636	48.0612
-33.0000	30.6364	47.0408
-41.3636	22.2727	46.4286
-45.3636	16.1818	45.5102
-46.4545	11.6364	45.9184
-48.1818	4.3636	45.4082
-49.8182	1.4545	43.7755
-51.0000	-4.9091	42.1429
-47.7273	-13.0000	44.1837
-46.9091	-15.1818	43.9796
-45.9091	-16.7273	45.1020
-45.1818	-16.5455	46.5306
-43.8182	-15.5455	48.5714
-43.6364	-15.0909	48.5714
-47.2727	-8.3636	46.4286
-47.3636	14.0909	44.1837
-41.4545	25.5455	43.3673
-22.1818	38.4545	46.8367
-12.5455	39.9091	49.4898
9.3636	37.6364	53.7755
25.0000	33.0000	54.5918
31.0000	28.7273	56.0204
38.0909	21.3636	57.9592
39.1818	18.6364	58.7755
41.7273	11.6364	61.0204
44.5455	2.0909	62.1429
45.1818	-2.4545	62.5510
45.6364	-8.9091	62.3469
45.3636	-11.6364	62.1429
44.0909	-14.7273	62.3469
43.5455	-20.8182	61.3265
43.4545	-23.0909	60.4082
41.1818	-26.3636	60.7143
38.3636	-26.9091	61.7347
34.7273	-27.4545	62.8571
31.1818	-27.5455	63.8776
30.8182	-28.0909	64.2857
29.3636	-29.0000	64.1837
29.6364	-29.8182	63.4694
28.1818	-30.3636	63.5714
25.5455	-33.2727	62.5510
21.7273	-33.2727	63.7755
17.0909	-36.5455	62.2449
12.8182	-37.5455	61.4286
1.8182	-39.4545	58.8776
-6.0000	-38.0000	58.5714
-19.2727	-33.1818	57.3469
-26.1818	-27.2727	56.9388
-28.0000	-24.8182	57.3469
-31.0909	-20.7273	57.3469
-32.0000	-19.1818	57.3469
-34.9091	-16.5455	55.7143
-38.0909	-14.3636	54.1837
-39.0909	-15.7273	52.8571
-39.6364	-18.3636	51.1225
-39.3636	-20.5455	50.0000
-39.9091	-27.9091	44.3878
-45.1818	-28.8182	34.8980
-48.4545	-27.7273	29.2857
-53.1818	-25.2727	16.6327
-55.0000	-22.8182	11.3265
-57.2727	-16.7273	5.9184
-57.8182	-14.3636	1.2245
-58.0000	-13.6364	1.2245
-59.9091	-8.7273	10.0000
-58.9091	-9.5455	16.9388
-54.5455	-12.4545	30.4082
-49.7273	-14.0000	39.7959
-46.7273	-14.8182	43.9796
-45.1818	-13.7273	46.1224
-44.3636	-14.9091	47.0408
-46.8182	-13.1818	44.4898
-48.0000	-13.0909	42.4490
-49.1818	-12.8182	41.2245
-52.0000	-12.7273	36.3265
-51.8182	-13.2727	35.9184
-52.7273	-13.1818	35.6122
-52.2727	-14.0909	35.1020
-53.1818	-14.5455	33.2653
-53.9091	-13.4545	32.4490
-54.0909	-12.9091	31.9388
-54.8182	-12.4545	30.8163
-54.7273	-12.1818	30.4082
-55.0000	-11.9091	30.3061
-55.1818	-11.9091	29.6939
-54.8182	-12.8182	29.7959
-53.1818	-15.9091	31.0204
-52.9091	-18.0000	30.8163
-52.4545	-19.4545	30.3061
-54.7273	-15.9091	27.4490
-55.7273	-13.0000	28.0612
-56.6364	-11.7273	26.1224
-56.9091	-12.7273	23.8775
-57.4545	-13.3636	20.8163
-57.3636	-12.7273	21.4286
-56.8182	-13.5455	23.4694
-54.6364	-14.7273	28.4694
-53.0909	-13.7273	33.9796
-49.9091	-12.7273	40.1020
-48.6364	-14.4545	41.6327
-47.5455	-14.1818	43.1633
-46.7273	-14.3636	44.2857
-47.7273	-13.0000	42.9592
-49.2727	-13.8182	41.3265
-49.9091	-13.2727	40.4082
-50.6364	-12.4545	39.8980
-48.5455	-13.2727	41.8367
-48.0909	-12.9091	42.9592
-47.0909	-13.8182	43.9796
-47.2727	-13.7273	43.6735
-47.2727	-12.7273	44.0816
-47.9091	-13.8182	43.0612
-47.7273	-14.2727	42.6531
-48.5455	-12.6364	42.7551
-48.3636	-8.6364	43.9796
-51.0000	11.0909	39.5918
-46.6364	28.3636	32.5510
-40.6364	35.9091	30.2041
-22.3636	46.6364	30.3061
-12.3636	48.6364	33.0612
6.3636	48.7273	36.2245
21.8182	45.4545	38.1633
29.7273	41.6364	39.2857
39.7273	32.5455	45.2041
42.7273	26.9091	49.0816
50.0000	14.0909	52.2449
56.4545	4.0909	50.6122
58.2727	-2.0909	49.8980
59.8182	-13.2727	48.1633
58.7273	-17.1818	48.5714
56.5455	-23.7273	48.0612
0.0000	0.0000	0.0000
58.6364	-30.1818	41.1224
57.1818	-29.3636	44.3878
56.5455	-23.8182	48.1633
55.0909	-15.1818	53.0612
54.6364	-11.8182	54.3878
55.2727	-9.0909	54.1837
57.2727	-5.7273	51.9388
57.7273	-4.5455	52.1429
56.9091	-4.8182	52.8571
55.8182	-6.4545	53.4694
55.7273	-7.4545	54.0816
55.6364	-7.3636	53.5714
56.2727	-8.9091	53.0612
57.2727	-17.9091	50.2041
56.2727	-24.4545	48.9796
44.6364	-40.8182	46.4286
23.8182	-51.3636	43.7755
8.9091	-52.3636	43.8776
-20.1818	-42.4545	45.9184
-28.4545	-35.0000	48.1633
-37.4545	-22.7273	50.2041
-41.0000	-14.5455	50.5102
-42.0000	-10.0909	50.9184
-43.5455	0.0909	50.7143
-42.9091	4.6364	50.7143
-42.1818	11.3636	49.8980
-42.0000	15.9091	48.4694
-42.9091	17.0909	46.4286
-43.4545	22.4545	42.8571
-45.0000	22.4545	40.8163
-44.1818	26.0000	38.8775
-44.7273	26.9091	37.0408
-45.0909	27.5455	35.8163
-45.5455	28.7273	33.4694
-45.4545	29.3636	32.4490
-45.8182	30.6364	30.5102
-45.2727	31.0000	30.4082
-42.8182	35.7273	26.3265
-41.0000	38.5455	22.5510
-40.4545	40.0000	20.0000
-32.1818	45.5455	18.3673
-28.5455	47.4545	17.1429
-25.9091	48.6364	17.1429
-22.0909	50.0000	15.5102
-19.9091	50.8182	16.5306
-12.5455	52.2727	18.9796
-9.0909	52.6364	18.7755
0.6364	53.3636	18.7755
9.6364	53.0909	17.2449
17.7273	52.0000	14.8980
34.2727	46.1818	14.6939
39.6364	43.0000	18.2653
45.9091	37.0909	28.3673
48.5455	31.5455	36.3265
49.6364	28.8182	39.2857
50.0000	26.6364	41.7347
49.9091	26.3636	42.3469
49.4545	24.9091	44.3878
50.1818	23.3636	45.5102
51.8182	20.4545	46.3265
52.0000	17.0909	48.6735
52.0909	14.8182	50.5102
50.6364	12.8182	53.1633
50.6364	13.1818	52.6531
51.1818	14.0000	51.7347
48.5455	17.0909	52.1429
45.0000	20.8182	52.7551
34.5455	28.8182	53.7755
35.2727	28.5455	53.4694
39.5455	26.2727	52.4490
39.6364	27.8182	51.2245
39.3636	28.7273	50.8163
37.3636	30.0909	50.6122
34.4545	31.9091	50.8163
26.0909	37.3636	49.3878
11.7273	44.6364	43.9796
4.5455	46.9091	41.0204
-16.4545	47.0000	34.5918
-26.6364	44.7273	29.8980
-38.9091	36.7273	31.6327
-43.8182	28.1818	37.3469
-46.8182	22.6364	38.2653
-53.6364	10.5455	35.4082
-54.9091	7.8182	33.7755
-54.3636	11.7273	32.5510
-53.4545	13.8182	34.3878
-52.4545	16.1818	34.0816
-51.2727	18.6364	35.1020
-51.4545	16.8182	35.6122
-52.5455	16.6364	33.8776
-52.6364	17.3636	32.8571
-53.0000	15.4545	33.7755
-53.4545	10.8182	35.7143
-52.9091	11.0909	36.2245
-53.9091	8.8182	35.4082
-54.0000	8.0909	35.9184
-52.8182	7.6364	38.3673
-49.8182	9.5455	42.6531
-47.6364	11.0909	45.0000
-44.6364	12.8182	47.8571
-43.2727	13.1818	48.5714
-42.4545	14.2727	49.4898
-43.6364	13.6364	48.7755
-44.4545	13.3636	48.1633
-43.9091	8.8182	49.7959
-44.3636	8.2727	49.2857
-43.7273	10.2727	50.0000
-42.4545	10.8182	50.6122
-42.3636	10.7273	50.7143
-41.4545	8.0000	52.6531
-40.2727	5.0909	54.0816
-35.8182	-3.0909	57.9592
-33.4545	-7.1818	59.1837
-31.4545	-15.8182	58.4694
-21.0000	-29.4545	58.6735
-16.2727	-33.6364	58.0612
-6.4545	-38.5455	57.9592
0.2727	-39.4545	58.4694
10.0000	-40.0000	59.1837
20.5455	-40.8182	57.3469
25.3636	-40.5455	57.1429
33.9091	-37.6364	56.2245
38.2727	-35.0909	56.1224
42.5455	-28.3636	57.9592
44.4545	-22.0000	59.3878
45.1818	-19.0909	60.4082
46.6364	-11.4545	61.2245
46.9091	-6.5455	61.2245
47.1818	3.0000	60.1020
47.0909	12.6364	56.8367
45.7273	15.7273	56.2245
41.7273	21.0000	55.9184
39.5455	21.6364	57.0408
37.7273	23.5455	57.0408
36.0000	24.2727	57.2449
34.4545	25.3636	57.2449
31.4545	27.1818	57.4490
30.9091	27.4545	57.7551
26.1818	30.8182	56.7347
17.0000	34.1818	56.3265
11.8182	35.4545	56.1224
5.6364	34.8182	57.0408
4.6364	33.7273	58.0612
-4.1818	32.8182	58.0612
-7.7273	32.8182	57.3469
-15.4545	32.6364	55.4082
-23.7273	28.5455	55.0000
-27.7273	25.1818	55.3061
-33.0909	18.2727	55.3061
-35.0000	14.5455	55.5102
-37.0000	7.5455	56.1224
-36.1818	3.0000	57.5510
-36.2727	1.4545	57.4490
-36.7273	-2.0000	57.1429
-37.1818	-5.2727	56.7347
-37.1818	-13.2727	55.0000
-32.7273	-17.5455	57.0408
-30.4545	-20.0000	57.6531
-26.5455	-24.8182	57.8571
-24.0909	-26.9091	58.1633
-22.4545	-28.4545	58.0612
-28.9091	-22.9091	57.3469
-31.3636	-17.4545	57.7551
-33.3636	-4.6364	59.8980
-33.9091	2.1818	59.1837
-29.5455	16.4545	58.4694
-19.6364	24.4545	59.7959
-13.7273	28.2727	59.6939
-5.1818	32.2727	58.3673
-0.6364	32.8182	58.8776
9.5455	32.8182	58.8776
13.2727	32.7273	58.4694
19.8182	31.5455	57.9592
30.7273	27.9091	57.4490
34.4545	26.1818	56.3265
38.7273	20.2727	57.9592
39.7273	18.0909	58.9796
36.6364	17.3636	61.1224
41.1818	12.6364	60.8163
42.8182	11.5455	60.1020
50.5455	8.0000	56.0204
55.0000	7.2727	51.4286
57.2727	3.0909	50.8163
56.3636	-4.1818	53.2653
54.3636	-9.6364	55.2041
49.6364	-20.3636	57.1429
46.5455	-25.6364	56.9388
38.2727	-34.7273	56.3265
26.8182	-40.7273	56.4286
20.2727	-42.6364	55.8163
7.9091	-44.0000	55.2041
1.1818	-44.2727	54.0816
-8.9091	-42.4545	52.8571
-14.5455	-40.3636	52.6531
-16.9091	-38.4545	53.0612
-23.3636	-34.1818	53.5714
-25.4545	-32.0909	53.2653
-29.8182	-28.0000	53.3673
-31.7273	-26.1818	53.2653
-34.4545	-20.2727	54.6939
-38.1818	-16.5455	52.8571
-40.5455	-15.5455	51.2245
-46.6364	-10.1818	46.0204
-49.8182	-7.0000	42.6531
-54.6364	0.4545	35.3061
-55.7273	4.9091	33.0612
-54.6364	7.1818	35.2041
-49.5455	14.2727	40.5102
-47.1818	13.9091	43.9796
-45.7273	12.0000	46.5306
-39.6364	10.6364	53.4694
-35.3636	10.0909	57.1429
-26.5455	9.1818	63.0612
-24.7273	8.8182	63.9796
-24.8182	9.1818	63.9796
-23.2727	9.7273	64.5918
-21.8182	9.7273	65.1020
-21.2727	9.9091	65.5102
-21.6364	9.6364	65.2041
-23.4545	10.0000	64.3878
-23.7273	10.1818	64.3878
-24.3636	10.5455	63.7755
-24.4545	10.7273	63.5714
-24.2727	10.4545	63.8776
-24.2727	10.4545	63.6735
-24.0000	10.8182	63.7755
-19.7273	14.0909	64.6939
-0.8182	14.3636	69.1837
4.8182	13.6364	70.0000
11.0909	11.9091	70.0000
11.7273	12.6364	69.6939
22.5455	13.4545	67.7551
37.5455	14.5455	61.1224
34.8182	14.8182	62.8571
30.4545	15.3636	64.1837
29.6364	14.9091	64.6939
31.0000	12.2727	65.7143
27.9091	13.5455	65.8163
27.0909	16.1818	65.2041
23.9091	21.5455	63.4694
20.3636	24.3636	62.7551
7.7273	28.4545	61.7347
-3.1818	26.7273	62.5510
-8.0000	24.1818	63.3673
-16.0909	19.4545	63.2653
-18.0909	17.5455	63.3673
-19.0000	16.5455	63.1633
-19.1818	13.5455	64.2857
-19.5455	11.2727	65.0000
-19.2727	6.7273	65.8163
-19.6364	5.9091	66.0204
-17.9091	5.7273	66.8367
-18.1818	5.9091	66.4286
-20.0909	2.9091	66.0204
-18.7273	-2.1818	66.9388
-12.8182	-6.9091	68.7755
-10.0000	-7.8182	69.4898
-11.6364	-8.9091	68.9796
-13.0000	-16.4545	66.8367
-5.5455	-26.2727	65.4082
-1.1818	-28.7273	65.0000
10.3636	-26.7273	66.7347
19.7273	-24.7273	67.1429
37.6364	-20.6364	63.3673
46.3636	-16.5455	59.5918
46.2727	-15.5455	59.8980
44.5455	-10.0909	61.7347
42.9091	-5.7273	62.9592
41.4545	0.8182	63.5714
41.9091	4.7273	62.3469
40.6364	6.0000	63.0612
36.1818	7.6364	64.2857
36.8182	12.0000	62.9592
31.6364	25.0909	58.0612
23.1818	28.7273	58.7755
16.1818	30.0909	59.3878
1.2727	22.6364	64.8980
-5.0000	17.0000	67.3469
-12.5455	7.3636	68.3674
-14.2727	3.8182	68.1633
-12.3636	1.3636	68.9796
-12.5455	7.0000	68.1633
-10.7273	8.6364	68.3674
-1.8182	11.6364	69.3878
1.7273	14.0909	68.9796
9.5455	15.7273	68.4694
19.4545	15.7273	67.3469
22.0000	16.0000	66.3265
25.0909	16.7273	65.6122
22.9091	17.9091	65.7143
15.5455	19.2727	66.3265
5.9091	20.4545	66.6327
-1.9091	17.4545	67.2449
-11.0909	10.2727	67.8571
-14.7273	7.8182	67.2449
-18.8182	6.2727	66.0204
-17.9091	9.9091	65.4082
-23.2727	7.0909	63.7755
-26.3636	1.7273	62.9592
-24.8182	0.8182	63.7755
-19.6364	0.0000	66.1225
-15.5455	-3.0909	67.7551
-15.7273	-2.9091	67.6531
-18.2727	-5.0000	67.0408
-17.9091	-9.0000	66.2245
-12.8182	-20.5455	65.5102
-7.8182	-27.0909	64.2857
5.5455	-29.4545	65.3061
18.0909	-29.9091	64.7959
20.0000	-29.9091	64.6939
21.6364	-30.5455	63.8776
21.9091	-30.2727	64.0816
26.8182	-29.2727	63.5714
32.2727	-28.0000	62.3469
33.1818	-28.0000	62.0408
34.0000	-27.1818	62.4490
33.0000	-26.5455	63.0612
33.7273	-24.4545	63.7755
32.7273	-23.0000	64.2857
31.5455	-22.1818	65.0000
31.6364	-21.8182	65.4082
31.0909	-21.7273	65.5102
30.5455	-21.2727	65.8163
28.7273	-21.0909	66.5306
27.5455	-20.4545	67.1429
26.8182	-21.0000	67.4490
27.4545	-20.5455	67.0408
29.7273	-21.1818	66.0204
33.2727	-21.3636	64.8980
33.8182	-20.5455	65.3061
35.1818	-21.8182	64.0816
34.8182	-22.0909	64.1837
